time (s)	energy (uJ)	charge (mC)	voltage (mV)	crossing#mod 255
269.407525	34.575222	0.011632	2.972519	231
270.466148	35.189232	0.011636	3.024047	232
271.497433	31.944464	0.011649	2.742151	233
272.558970	35.999393	0.011626	3.096513	234
273.586316	34.847534	0.011639	2.994048	235
274.649675	35.231712	0.011646	3.025310	236
275.677960	33.551189	0.011627	2.885659	237
276.739107	33.617287	0.011653	2.884813	238
277.771971	32.383591	0.011636	2.783111	239
278.828122	32.674656	0.011610	2.814430	240
279.866206	32.157124	0.011623	2.766638	241
280.916512	33.923008	0.011630	2.916935	242
281.954976	32.099972	0.011627	2.760923	243
283.006836	36.800632	0.011634	3.163231	244
284.040331	32.776489	0.011597	2.826409	245
285.102131	34.893070	0.011654	2.993998	246
286.131949	32.178486	0.011635	2.765580	247
287.185185	39.264896	0.011645	3.371941	248
288.226021	30.901791	0.011644	2.653965	249
289.276715	35.135605	0.011644	3.017565	250
290.318157	33.026199	0.011614	2.843666	251
291.367395	35.758919	0.011630	3.074594	252
292.403543	32.774868	0.011646	2.814281	253
293.462793	36.346859	0.011629	3.125617	254
294.494205	31.329601	0.011619	2.696482	255
295.553260	37.155853	0.011629	3.195095	0
296.583288	33.778454	0.011623	2.906075	1
297.640849	32.847885	0.011655	2.818246	2
298.677328	34.782696	0.011623	2.992559	3
299.728185	36.152542	0.011590	3.119274	4
300.769871	31.950207	0.011640	2.744832	5
301.818534	33.522297	0.011631	2.882249	6
302.858121	33.611279	0.011604	2.896580	7
303.910898	36.364414	0.011625	3.127989	8
304.946503	31.485746	0.011649	2.702969	9
306.004370	35.111622	0.011646	3.014952	10
307.035101	32.668900	0.011630	2.809073	11
308.095059	36.923031	0.011628	3.175326	12
309.125081	31.924622	0.011686	2.731825	13
310.186832	34.994602	0.011632	3.008597	14
311.215751	32.572701	0.011669	2.791481	15
312.276653	35.323566	0.011640	3.034678	16
313.308443	30.021582	0.011629	2.581552	17
314.366066	36.434151	0.011623	3.134583	18
315.399028	31.438845	0.011618	2.706132	19
316.455924	35.877979	0.011626	3.085910	20
317.488821	33.844940	0.011629	2.910356	21
318.544170	35.717663	0.011646	3.066991	22
319.583654	30.939075	0.011618	2.662935	23
320.633692	36.230736	0.011622	3.117399	24
321.674031	32.048695	0.011627	2.756363	25
322.722691	37.603207	0.011603	3.240724	26
323.762650	32.525990	0.011617	2.799767	27
324.814987	35.468452	0.011604	3.056506	28
325.848993	33.091099	0.011658	2.838528	29
326.910173	35.118095	0.011625	3.020993	30
327.937621	32.734455	0.011601	2.821706	31
329.001087	34.296619	0.011605	2.955448	32
330.029349	32.018993	0.011620	2.755538	33
331.087920	35.287273	0.011640	3.031606	34
332.124379	30.644110	0.011616	2.637982	35
333.174840	36.606735	0.011632	3.147185	36
334.215389	32.369144	0.011643	2.780033	37
335.266245	35.420975	0.011618	3.048829	38
336.304586	32.516277	0.011633	2.795236	39
337.359256	36.173206	0.011644	3.106585	40
338.391523	32.350796	0.011608	2.786840	41
339.452847	34.774529	0.011622	2.992207	42
340.479983	34.383739	0.011598	2.964695	43
341.541940	35.648380	0.011620	3.067815	44
342.571245	31.925167	0.011610	2.749715	45
343.630538	35.903259	0.011622	3.089142	46
344.665437	31.355593	0.011617	2.699024	47
345.719795	59.104359	0.011623	5.084988	48
346.757496	30.897324	0.011611	2.660974	49
347.808540	35.721668	0.011651	3.065963	50
348.848582	31.942303	0.011636	2.745209	51
349.895313	37.746788	0.011616	3.249534	52
350.939210	32.167339	0.011646	2.761999	53
351.989601	34.274113	0.011642	2.943888	54
353.029188	31.686556	0.011612	2.728728	55
354.078870	35.183880	0.011666	3.015805	56
355.119103	33.249027	0.011612	2.863234	57
356.170308	34.782528	0.011591	3.000710	58
357.212143	29.761971	0.011615	2.562458	59
358.262205	34.612858	0.011607	2.982062	60
359.297795	32.331257	0.011598	2.787568	61
360.346232	43.647724	0.011613	3.758493	62
361.386540	31.279915	0.011614	2.693272	63
362.447524	33.359165	0.011630	2.868483	64
363.478072	29.478170	0.011619	2.536989	65
364.538677	33.911247	0.011628	2.916335	66
365.567267	30.903158	0.011629	2.657517	67
366.625877	35.212326	0.011615	3.031554	68
367.657035	32.972702	0.011625	2.836328	69
368.715888	34.132313	0.011614	2.938872	70
369.751047	31.813692	0.011637	2.733808	71
370.804501	33.281776	0.011622	2.863720	72
371.843242	30.411829	0.011633	2.614197	73
372.894508	33.723095	0.011621	2.901945	74
373.933261	31.398430	0.011645	2.696244	75
374.983829	35.643665	0.011611	3.069896	76
376.021130	28.758442	0.011618	2.475346	77
377.078821	34.227428	0.011605	2.949412	78
378.108322	31.600998	0.011616	2.720434	79
379.169939	35.218922	0.011617	3.031761	80
380.198179	32.082150	0.011593	2.767292	81
381.259987	34.317039	0.011634	2.949650	82
382.289970	31.882458	0.011632	2.740958	83
383.349510	34.981880	0.011605	3.014382	84
384.383404	30.958115	0.011623	2.663485	85
385.438130	34.350559	0.011608	2.959265	86
386.474634	31.287907	0.011606	2.695820	87
387.523512	37.331566	0.011609	3.215724	88
388.564497	32.841545	0.011596	2.832160	89
389.616060	35.627396	0.011607	3.069525	90
390.657613	30.547194	0.011637	2.625081	91
391.707648	34.701679	0.011630	2.983912	92
392.746494	32.696976	0.011591	2.820896	93
393.795930	35.929062	0.011583	3.101975	94
394.838605	30.557896	0.011636	2.626173	95
395.887488	35.044250	0.011609	3.018723	96
396.926330	33.926086	0.011611	2.921923	97
397.983317	30.197174	0.011598	2.603576	98
399.017839	30.996296	0.011633	2.664448	99
400.068040	34.493805	0.011601	2.973464	100
401.107797	31.582272	0.011629	2.715737	101
402.158505	35.272015	0.011607	3.038981	102
403.196389	33.504284	0.011610	2.885863	103
404.250364	34.568691	0.011607	2.978220	104
405.285929	31.648663	0.011629	2.721426	105
