time (s)	energy (uJ)	charge (mC)	voltage (mV)	crossing#mod 255
4037.159268	44.906994	0.011433	3.927845	90
4038.135250	48.890930	0.011415	4.283175	91
4039.247934	46.312878	0.011428	4.052729	92
4040.227495	45.888206	0.011428	4.015554	93
4041.340517	45.265129	0.011411	3.966885	94
4042.318994	48.477818	0.011434	4.239944	95
4043.429526	45.228577	0.011386	3.972259	96
4044.407444	46.486038	0.011415	4.072357	97
4045.518981	46.338440	0.011413	4.059985	98
4046.499617	48.072392	0.011427	4.207023	99
4047.609461	43.798988	0.011403	3.840882	100
4048.593374	44.891479	0.011405	3.936060	101
4049.701514	45.896523	0.011409	4.022981	102
4050.683263	46.428082	0.011410	4.068942	103
4051.796257	43.683960	0.011412	3.828052	104
4052.775164	45.779263	0.011409	4.012600	105
4053.887511	46.548763	0.011451	4.065193	106
4054.862012	46.234638	0.011435	4.043242	107
4055.979339	44.288582	0.011419	3.878532	108
4056.954679	46.383739	0.011434	4.056671	109
4058.068221	46.481556	0.011410	4.073618	110
4059.046116	46.205486	0.011406	4.050820	111
4060.158389	45.789268	0.011410	4.013128	112
4061.136606	46.590763	0.011411	4.082920	113
4062.246345	45.577446	0.011418	3.991714	114
4063.233043	45.132744	0.011446	3.942957	115
4064.335205	44.258224	0.011419	3.875705	116
4065.329527	42.270100	0.011429	3.698588	117
4066.422152	45.899742	0.011404	4.024735	118
4067.423215	44.787262	0.011433	3.917258	119
4068.509842	43.907505	0.011408	3.848768	120
4069.515494	42.500412	0.011404	3.726835	121
4070.600048	45.693943	0.011404	4.006948	122
4071.603751	43.431732	0.011413	3.805574	123
4072.694104	43.850613	0.011430	3.836447	124
4073.694305	42.033157	0.011391	3.690077	125
4074.789153	43.607990	0.011435	3.813393	126
4075.777376	42.618732	0.011390	3.741691	127
4076.883541	43.936668	0.011412	3.849922	128
4077.867335	41.833496	0.011411	3.665926	129
4078.979054	42.190205	0.011415	3.695908	130
4079.956514	43.082874	0.011387	3.783529	131
4081.066574	44.077480	0.011422	3.858862	132
4082.047964	42.682011	0.011413	3.739832	133
4083.158096	43.355251	0.011419	3.796708	134
4084.138529	42.616150	0.011403	3.737306	135
4085.246885	43.156330	0.011412	3.781530	136
4086.231259	41.543976	0.011405	3.642475	137
4087.337156	43.325069	0.011407	3.798065	138
4088.321334	42.757549	0.011417	3.745183	139
4089.428201	43.476181	0.011377	3.821324	140
4090.412960	41.869663	0.011375	3.680922	141
4091.518465	43.300838	0.011415	3.793280	142
4092.503055	41.723988	0.011431	3.650144	143
4093.609364	39.843769	0.011409	3.492364	144
4094.593317	40.937214	0.011405	3.589558	145
4095.701124	42.396843	0.011416	3.713900	146
4096.684520	40.126751	0.011403	3.518898	147
4097.793127	42.014118	0.011410	3.682097	148
4098.773695	40.480865	0.011393	3.553205	149
4099.883398	42.053158	0.011419	3.682890	150
4100.865766	39.902573	0.011430	3.490896	151
4101.972568	40.920441	0.011415	3.584725	152
4102.959598	39.947559	0.011433	3.493911	153
4104.059414	41.891209	0.011415	3.669826	154
4105.053782	39.375408	0.011444	3.440594	155
4106.144642	42.137085	0.011441	3.683005	156
4107.151896	36.541248	0.011414	3.201577	157
4108.233008	42.134872	0.011409	3.693094	158
4109.240767	37.472576	0.011434	3.277420	159
4110.324285	41.267929	0.011395	3.621571	160
4111.331109	37.941536	0.011402	3.327476	161
4112.414881	42.159439	0.011427	3.689590	162
4113.420535	37.917503	0.011403	3.325166	163
4114.508131	41.507313	0.011407	3.638648	164
4115.507700	38.717068	0.011434	3.386229	165
4116.601730	40.173180	0.011391	3.526601	166
4117.596428	38.168034	0.011432	3.338613	167
4118.696461	40.216724	0.011418	3.522187	168
4119.685916	37.707352	0.011411	3.304390	169
4120.786688	39.586288	0.011406	3.470715	170
4121.775210	36.439358	0.011435	3.186559	171
4122.878711	39.415306	0.011452	3.441890	172
4123.863528	38.856846	0.011386	3.412584	173
4124.969327	39.615017	0.011437	3.463845	174
4125.955384	36.837639	0.011421	3.225435	175
4127.059346	39.835529	0.011415	3.489600	176
4128.047015	36.324509	0.011407	3.184444	177
4129.150072	39.020962	0.011437	3.411762	178
4130.137385	36.121445	0.011425	3.161644	179
4131.242904	38.672009	0.011404	3.391069	180
4132.227825	36.332733	0.011412	3.183598	181
4133.330959	39.609695	0.011433	3.464575	182
4134.318527	36.039070	0.011409	3.158869	183
4135.420834	38.676208	0.011416	3.387796	184
4136.409592	36.340683	0.011418	3.182675	185
4137.509372	38.270119	0.011389	3.360372	186
4138.501313	36.195946	0.011405	3.173613	187
4139.598839	39.267159	0.011392	3.446827	188
4140.595036	35.069134	0.011421	3.070471	189
4141.686391	39.332508	0.011412	3.446608	190
4142.689169	34.036343	0.011427	2.978688	191
4143.774847	38.621307	0.011392	3.390114	192
4144.781770	33.788971	0.011448	2.951584	193
4145.863977	37.914032	0.011393	3.327940	194
4146.883375	23.711823	0.011404	2.079320	195
4147.954190	38.073875	0.011392	3.342204	196
4148.964901	33.280334	0.011407	2.917652	197
4150.045448	37.552677	0.011423	3.287430	198
4151.051470	33.813541	0.011414	2.962354	199
4152.136613	37.714790	0.011392	3.310699	200
4153.140234	33.302490	0.011425	2.914820	201
4154.230522	37.080826	0.011405	3.251170	202
4155.227560	33.359089	0.011425	2.919754	203
4156.323662	36.819210	0.011437	3.219214	204
4157.315668	32.250214	0.011437	2.819821	205
4158.416140	36.556736	0.011403	3.205802	206
4159.404464	33.226463	0.011439	2.904752	207
4160.506634	37.614449	0.011417	3.294654	208
4161.495543	33.149967	0.011415	2.904054	209
4162.597806	36.649731	0.011436	3.204799	210
4163.585044	33.405087	0.011413	2.926928	211
4164.688772	35.887291	0.011396	3.149120	212
4165.675634	32.699680	0.011414	2.864950	213
4166.777551	37.112080	0.011415	3.251127	214
4167.765593	33.270119	0.011395	2.919816	215
4168.869084	36.205372	0.011434	3.166534	216
4169.859029	31.124264	0.011416	2.726445	217
4170.959643	35.770916	0.011439	3.127118	218
4171.946222	32.934605	0.011445	2.877590	219
4173.047561	36.531502	0.011424	3.197736	220
4174.038831	31.569790	0.011445	2.758461	221
4175.138700	36.169292	0.011414	3.168728	222
4176.129629	31.888231	0.011409	2.795084	223
4177.228751	35.293362	0.011431	3.087458	224
4178.223318	30.327454	0.011433	2.652735	225
4179.314226	34.417210	0.011415	3.014999	226
4180.315608	30.366934	0.011410	2.661445	227
4181.401933	35.922169	0.011412	3.147779	228
4182.409556	30.055077	0.011441	2.626941	229
