time (s)	energy (uJ)	charge (mC)	voltage (mV)	crossing#mod 255
2696.030211	87.075554	0.013177	6.608051	98
2697.137533	81.077118	0.013138	6.171332	99
2698.124081	88.581985	0.013159	6.731418	100
2699.227347	80.658211	0.013158	6.129939	101
2700.216801	88.412766	0.013157	6.719621	102
2701.316477	75.827354	0.013135	5.772851	103
2702.308476	82.879044	0.013131	6.311785	104
2703.405139	76.591064	0.013152	5.823606	105
2704.402307	82.711639	0.013145	6.292461	106
2705.494709	81.895988	0.013162	6.222216	107
2706.495147	86.628448	0.013124	6.600716	108
2707.582920	79.016838	0.013121	6.022139	109
2708.589073	83.370491	0.013104	6.362450	110
2709.671278	82.857430	0.013130	6.310394	111
2710.681530	84.298378	0.013144	6.413409	112
2711.761638	80.085632	0.013102	6.112522	113
2712.772723	84.086258	0.013116	6.410727	114
2713.854643	80.484764	0.013121	6.134159	115
2714.860708	87.043633	0.013122	6.633454	116
2715.950056	76.039925	0.013099	5.805049	117
2716.948679	83.874054	0.013129	6.388514	118
2718.043092	76.920143	0.013150	5.849526	119
2719.035628	85.835945	0.013142	6.531356	120
2720.135983	78.602592	0.013121	5.990443	121
2721.125421	84.155441	0.013129	6.409998	122
2722.225451	80.936996	0.013141	6.159000	123
2723.218124	84.662796	0.013115	6.455218	124
2724.316989	77.247734	0.013129	5.883888	125
2725.307476	83.919586	0.013130	6.391387	126
2726.406919	80.679375	0.013115	6.151859	127
2727.400831	84.188774	0.013113	6.420135	128
2728.496275	79.789742	0.013130	6.077096	129
2729.491752	84.470299	0.013112	6.442173	130
2730.586225	79.775108	0.013133	6.074370	131
2731.583581	83.780190	0.013137	6.377554	132
2732.677143	77.648987	0.013114	5.921106	133
2733.673091	83.314743	0.013117	6.351834	134
2734.767909	79.788033	0.013113	6.084580	135
2735.765321	82.186928	0.013116	6.266024	136
2736.858241	80.826286	0.013116	6.162291	137
2737.855312	83.154152	0.013132	6.332265	138
2738.950877	79.591034	0.013138	6.058003	139
2739.944548	82.824379	0.013106	6.319542	140
2741.042059	77.989464	0.013105	5.950982	141
2742.035310	82.750053	0.013122	6.306191	142
2743.133270	77.897675	0.013129	5.933077	143
2744.127564	79.282181	0.013084	6.059309	144
2745.221421	78.626755	0.013098	6.003179	145
2746.219171	80.190048	0.013123	6.110592	146
2747.310156	77.799141	0.013093	5.941924	147
2748.313163	78.214432	0.013099	5.971104	148
2749.399049	77.345367	0.013128	5.891679	149
2750.406724	78.392113	0.013141	5.965288	150
2751.486635	78.716980	0.013093	6.012008	151
2752.502360	75.179062	0.013092	5.742246	152
2753.576509	77.517494	0.013103	5.915869	153
2754.595977	73.030724	0.013086	5.580969	154
2755.664920	80.067276	0.013088	6.117679	155
2756.680766	78.224800	0.013110	5.966890	156
2757.761342	76.220757	0.013126	5.806887	157
2758.766721	81.211906	0.013133	6.183782	158
2759.849931	79.311752	0.013094	6.057093	159
2760.863702	73.752121	0.013098	5.630930	160
2761.941292	78.326195	0.013081	5.987868	161
2762.949602	77.523720	0.013094	5.920436	162
2764.033445	76.396332	0.013096	5.833501	163
2765.039761	77.652885	0.013102	5.926991	164
2766.124686	77.499619	0.013105	5.913969	165
2767.131364	77.467583	0.013119	5.904835	166
2768.215422	77.488289	0.013092	5.918563	167
2769.221404	76.820328	0.013120	5.855349	168
2770.305742	76.698448	0.013087	5.860703	169
2771.311888	75.447525	0.013082	5.767288	170
2772.397058	75.910858	0.013119	5.786278	171
2773.402783	77.090637	0.013096	5.886577	172
2774.485450	76.492607	0.013124	5.828597	173
2775.497868	71.516998	0.013108	5.455905	174
2776.573971	76.670441	0.013131	5.838749	175
2777.588009	72.710686	0.013130	5.537621	176
2778.664728	76.847412	0.013076	5.877172	177
2779.678883	73.144035	0.013108	5.580142	178
2780.754436	75.878242	0.013096	5.794157	179
2781.769723	73.389824	0.013137	5.586648	180
2782.843873	75.945175	0.013131	5.783650	181
2783.862311	70.771828	0.013110	5.398478	182
2784.935553	74.904190	0.013106	5.715363	183
2785.949605	71.715462	0.013116	5.467981	184
2787.029477	72.534554	0.013086	5.543089	185
2788.039638	71.562103	0.013069	5.475521	186
2789.121770	72.126266	0.013105	5.503662	187
2790.125925	71.655228	0.013119	5.461912	188
2791.213939	72.861137	0.013131	5.548660	189
2792.214502	72.606873	0.013095	5.544519	190
2793.305841	71.942902	0.013099	5.492214	191
2794.304453	71.975174	0.013118	5.486878	192
2795.396397	72.973526	0.013129	5.558101	193
2796.394476	72.793686	0.013095	5.558966	194
2797.489671	68.709946	0.013082	5.252346	195
2798.486977	70.166641	0.013109	5.352744	196
2799.577183	76.359688	0.013109	5.824841	197
2800.578815	69.204903	0.013104	5.281040	198
2801.666324	73.082809	0.013110	5.574480	199
2802.668027	70.198029	0.013113	5.353246	200
2803.757529	72.634506	0.013124	5.534274	201
2804.758556	70.055969	0.013134	5.333890	202
2805.849265	70.759010	0.013127	5.390353	203
2806.848628	69.736809	0.013139	5.307678	204
2807.939984	69.981369	0.013110	5.338163	205
2808.941095	83.243271	0.013100	6.354426	206
2810.031797	68.698280	0.013110	5.239995	207
2811.030698	69.278984	0.013095	5.290443	208
2812.120693	64.301491	0.013101	4.908208	209
2813.121324	64.584717	0.013106	4.927817	210
2814.209405	70.553391	0.013107	5.383066	211
2815.213885	65.763153	0.013111	5.015975	212
2816.298454	69.919136	0.013128	5.326009	213
2817.306292	65.517265	0.013098	5.001994	214
2818.387031	69.580841	0.013135	5.297280	215
2819.399184	62.403423	0.013122	4.755579	216
2820.476594	68.600784	0.013114	5.230946	217
2821.494888	60.433647	0.013109	4.610124	218
2822.564466	70.645134	0.013116	5.386104	219
2823.582496	64.093513	0.013092	4.895576	220
2824.654853	70.497101	0.013109	5.377950	221
2825.672781	64.598412	0.013113	4.926390	222
2826.746534	70.439156	0.013115	5.370698	223
2827.762564	64.727348	0.013105	4.939047	224
2828.836865	69.890923	0.013111	5.330850	225
2829.852620	64.785431	0.013114	4.940212	226
2830.928884	68.805527	0.013112	5.247694	227
2831.942672	63.451202	0.013106	4.841467	228
2833.021113	70.229301	0.013130	5.348586	229
2834.033289	62.704304	0.013115	4.781108	230
2835.110606	68.535179	0.013110	5.227721	231
2836.123112	66.242661	0.013132	5.044474	232
2837.201329	69.082497	0.013103	5.272367	233
2838.213578	64.747726	0.013120	4.935169	234
2839.291619	67.005272	0.013113	5.109717	235
2840.305413	62.258930	0.013119	4.745811	236
2841.380458	65.806046	0.013106	5.021122	237
2842.396326	61.599491	0.013115	4.696919	238
2843.470563	66.932831	0.013123	5.100339	239
2844.488149	62.020611	0.013108	4.731462	240
2845.560340	63.972862	0.013107	4.880687	241
2846.578678	60.005436	0.013132	4.569315	242
2847.651821	64.394073	0.013106	4.913211	243
2848.668825	60.719505	0.013127	4.625535	244
2849.742198	65.809387	0.013098	5.024300	245
2850.759985	58.475910	0.013092	4.466402	246
2851.834746	63.679123	0.013075	4.870408	247
