crossing time (s)	slope (V/s)	crossing number
281474976710655.000000	14.732517	741	0.000000
281474976710655.000000	15.258964	742	0.000000
281474976710655.000000	16.876341	743	0.000000
281474976710655.000000	15.795239	744	0.000000
281474976710655.000000	16.203869	745	0.000000
281474976710655.000000	17.075899	746	0.000000
281474976710655.000000	15.002131	747	0.000000
281474976710655.000000	15.944118	748	0.000000
281474976710655.000000	15.178950	749	0.000000
281474976710655.000000	15.837093	750	0.000000
281474976710655.000000	16.569870	751	0.000000
281474976710655.000000	15.796665	752	0.000000
281474976710655.000000	16.139456	753	0.000000
281474976710655.000000	16.229464	754	0.000000
281474976710655.000000	15.668159	755	0.000000
281474976710655.000000	15.370490	756	0.000000
281474976710655.000000	15.559515	757	0.000000
281474976710655.000000	15.801145	758	0.000000
281474976710655.000000	16.014698	759	0.000000
281474976710655.000000	15.970728	760	0.000000
281474976710655.000000	14.861881	761	0.000000
281474976710655.000000	15.647889	762	0.000000
281474976710655.000000	15.675902	763	0.000000
281474976710655.000000	15.627097	764	0.000000
281474976710655.000000	15.401183	765	0.000000
281474976710655.000000	14.893618	766	0.000000
281474976710655.000000	15.386000	767	0.000000
281474976710655.000000	15.200720	768	0.000000
281474976710655.000000	15.750844	769	0.000000
281474976710655.000000	16.020233	770	0.000000
281474976710655.000000	14.983788	771	0.000000
281474976710655.000000	15.099874	772	0.000000
281474976710655.000000	15.267202	773	0.000000
281474976710655.000000	15.301353	774	0.000000
281474976710655.000000	15.122114	775	0.000000
281474976710655.000000	14.996065	776	0.000000
281474976710655.000000	14.779824	777	0.000000
281474976710655.000000	14.661160	778	0.000000
281474976710655.000000	15.866249	779	0.000000
281474976710655.000000	15.066774	780	0.000000
281474976710655.000000	15.193832	781	0.000000
281474976710655.000000	15.174483	782	0.000000
281474976710655.000000	15.164210	783	0.000000
281474976710655.000000	15.158430	784	0.000000
281474976710655.000000	15.467742	785	0.000000
281474976710655.000000	15.233726	786	0.000000
281474976710655.000000	14.775634	787	0.000000
281474976710655.000000	15.305499	788	0.000000
281474976710655.000000	14.499743	789	0.000000
281474976710655.000000	14.473177	790	0.000000
281474976710655.000000	14.684611	791	0.000000
281474976710655.000000	14.739735	792	0.000000
281474976710655.000000	15.238516	793	0.000000
281474976710655.000000	15.324277	794	0.000000
281474976710655.000000	14.816193	795	0.000000
281474976710655.000000	14.933496	796	0.000000
281474976710655.000000	14.934924	797	0.000000
281474976710655.000000	14.770705	798	0.000000
281474976710655.000000	14.637781	799	0.000000
281474976710655.000000	15.226270	800	0.000000
281474976710655.000000	15.324206	801	0.000000
281474976710655.000000	14.736096	802	0.000000
281474976710655.000000	15.080039	803	0.000000
281474976710655.000000	15.217481	804	0.000000
281474976710655.000000	15.189657	805	0.000000
281474976710655.000000	14.372701	806	0.000000
281474976710655.000000	14.443882	807	0.000000
281474976710655.000000	14.604009	808	0.000000
281474976710655.000000	14.515048	809	0.000000
281474976710655.000000	14.212626	810	0.000000
281474976710655.000000	14.934420	811	0.000000
281474976710655.000000	14.127862	812	0.000000
281474976710655.000000	14.698318	813	0.000000
281474976710655.000000	15.223457	814	0.000000
281474976710655.000000	14.018947	815	0.000000
281474976710655.000000	14.826179	816	0.000000
281474976710655.000000	14.441125	817	0.000000
281474976710655.000000	14.814669	818	0.000000
281474976710655.000000	14.287665	819	0.000000
281474976710655.000000	14.688660	820	0.000000
281474976710655.000000	14.227591	821	0.000000
281474976710655.000000	14.718437	822	0.000000
281474976710655.000000	14.297112	823	0.000000
281474976710655.000000	14.144852	824	0.000000
281474976710655.000000	14.164233	825	0.000000
281474976710655.000000	14.215199	826	0.000000
281474976710655.000000	14.044873	827	0.000000
281474976710655.000000	13.695091	828	0.000000
281474976710655.000000	14.620912	829	0.000000
281474976710655.000000	14.654269	830	0.000000
281474976710655.000000	14.665134	831	0.000000
281474976710655.000000	14.352657	832	0.000000
281474976710655.000000	14.196008	833	0.000000
281474976710655.000000	14.126563	834	0.000000
281474976710655.000000	14.124488	835	0.000000
281474976710655.000000	14.317954	836	0.000000
281474976710655.000000	13.889178	837	0.000000
281474976710655.000000	14.084556	838	0.000000
281474976710655.000000	14.487408	839	0.000000
281474976710655.000000	14.102951	840	0.000000
281474976710655.000000	14.042440	841	0.000000
281474976710655.000000	14.313983	842	0.000000
281474976710655.000000	13.947235	843	0.000000
281474976710655.000000	14.091869	844	0.000000
281474976710655.000000	13.682141	845	0.000000
281474976710655.000000	14.251720	846	0.000000
281474976710655.000000	14.348545	847	0.000000
281474976710655.000000	13.715362	848	0.000000
281474976710655.000000	13.635492	849	0.000000
281474976710655.000000	14.005908	850	0.000000
281474976710655.000000	13.583423	851	0.000000
281474976710655.000000	13.861263	852	0.000000
281474976710655.000000	14.056105	853	0.000000
281474976710655.000000	13.793473	854	0.000000
281474976710655.000000	13.640846	855	0.000000
281474976710655.000000	13.955653	856	0.000000
281474976710655.000000	13.529593	857	0.000000
281474976710655.000000	13.956257	858	0.000000
281474976710655.000000	13.897552	859	0.000000
281474976710655.000000	13.631007	860	0.000000
281474976710655.000000	13.490697	861	0.000000
281474976710655.000000	13.617507	862	0.000000
281474976710655.000000	13.618204	863	0.000000
281474976710655.000000	13.538353	864	0.000000
281474976710655.000000	13.478385	865	0.000000
281474976710655.000000	14.259020	866	0.000000
281474976710655.000000	13.705522	867	0.000000
281474976710655.000000	13.521481	868	0.000000
281474976710655.000000	13.651720	869	0.000000
281474976710655.000000	13.174844	870	0.000000
281474976710655.000000	13.290859	871	0.000000
281474976710655.000000	13.781263	872	0.000000
281474976710655.000000	13.806761	873	0.000000
281474976710655.000000	13.142252	874	0.000000
281474976710655.000000	13.275666	875	0.000000
281474976710655.000000	13.497592	876	0.000000
281474976710655.000000	13.583590	877	0.000000
281474976710655.000000	13.262333	878	0.000000
281474976710655.000000	13.405401	879	0.000000
281474976710655.000000	13.558295	880	0.000000
281474976710655.000000	13.231448	881	0.000000
281474976710655.000000	13.360599	882	0.000000
281474976710655.000000	13.767532	883	0.000000
281474976710655.000000	13.385001	884	0.000000
281474976710655.000000	13.508713	885	0.000000
281474976710655.000000	13.317790	886	0.000000
281474976710655.000000	13.361650	887	0.000000
281474976710655.000000	13.351186	888	0.000000
281474976710655.000000	13.196898	889	0.000000
281474976710655.000000	13.475382	890	0.000000
281474976710655.000000	13.461935	891	0.000000
281474976710655.000000	13.398298	892	0.000000
281474976710655.000000	13.609827	893	0.000000
281474976710655.000000	13.260395	894	0.000000
281474976710655.000000	13.052781	895	0.000000
281474976710655.000000	13.188487	896	0.000000
281474976710655.000000	12.876775	897	0.000000
281474976710655.000000	13.233427	898	0.000000
281474976710655.000000	13.306541	899	0.000000
281474976710655.000000	12.963549	900	0.000000
281474976710655.000000	13.095817	901	0.000000
281474976710655.000000	12.793777	902	0.000000
281474976710655.000000	12.833619	903	0.000000
281474976710655.000000	13.323466	904	0.000000
281474976710655.000000	13.121569	905	0.000000
281474976710655.000000	12.683628	906	0.000000
281474976710655.000000	13.107945	907	0.000000
281474976710655.000000	12.872436	908	0.000000
281474976710655.000000	13.214137	909	0.000000
281474976710655.000000	13.217931	910	0.000000
281474976710655.000000	12.937344	911	0.000000
281474976710655.000000	13.001446	912	0.000000
281474976710655.000000	13.006625	913	0.000000
281474976710655.000000	12.880378	914	0.000000
281474976710655.000000	12.738324	915	0.000000
281474976710655.000000	12.612535	916	0.000000
281474976710655.000000	12.707680	917	0.000000
281474976710655.000000	13.306437	918	0.000000
281474976710655.000000	12.770228	919	0.000000
281474976710655.000000	12.468664	920	0.000000
281474976710655.000000	12.520845	921	0.000000
281474976710655.000000	12.986734	922	0.000000
281474976710655.000000	12.594185	923	0.000000
281474976710655.000000	12.556390	924	0.000000
281474976710655.000000	12.548033	925	0.000000
281474976710655.000000	12.915140	926	0.000000
281474976710655.000000	12.503432	927	0.000000
281474976710655.000000	12.681487	928	0.000000
281474976710655.000000	12.517834	929	0.000000
281474976710655.000000	12.680420	930	0.000000
281474976710655.000000	12.992650	931	0.000000
281474976710655.000000	12.650421	932	0.000000
281474976710655.000000	12.801311	933	0.000000
281474976710655.000000	12.376382	934	0.000000
281474976710655.000000	12.658237	935	0.000000
281474976710655.000000	12.489546	936	0.000000
281474976710655.000000	12.680943	937	0.000000
281474976710655.000000	12.933356	938	0.000000
281474976710655.000000	12.369579	939	0.000000
281474976710655.000000	12.520014	940	0.000000
281474976710655.000000	12.371111	941	0.000000
281474976710655.000000	12.784086	942	0.000000
281474976710655.000000	12.514161	943	0.000000
281474976710655.000000	13.006327	944	0.000000
281474976710655.000000	12.398527	945	0.000000
281474976710655.000000	12.777025	946	0.000000
281474976710655.000000	12.187271	947	0.000000
281474976710655.000000	12.879931	948	0.000000
281474976710655.000000	12.288307	949	0.000000
281474976710655.000000	12.572948	950	0.000000
281474976710655.000000	12.152512	951	0.000000
281474976710655.000000	12.022305	952	0.000000
281474976710655.000000	12.384338	953	0.000000
281474976710655.000000	12.222054	954	0.000000
281474976710655.000000	12.169539	955	0.000000
281474976710655.000000	11.911683	956	0.000000
281474976710655.000000	12.253589	957	0.000000
281474976710655.000000	12.135712	958	0.000000
281474976710655.000000	11.804897	959	0.000000
281474976710655.000000	11.817481	960	0.000000
281474976710655.000000	12.080813	961	0.000000
281474976710655.000000	11.993960	962	0.000000
281474976710655.000000	11.837529	963	0.000000
281474976710655.000000	12.188877	964	0.000000
281474976710655.000000	12.033089	965	0.000000
281474976710655.000000	12.429771	966	0.000000
281474976710655.000000	11.856233	967	0.000000
281474976710655.000000	12.296178	968	0.000000
281474976710655.000000	11.801551	969	0.000000
281474976710655.000000	12.268078	970	0.000000
281474976710655.000000	12.067628	971	0.000000
281474976710655.000000	12.157154	972	0.000000
281474976710655.000000	12.230017	973	0.000000
281474976710655.000000	11.854865	974	0.000000
281474976710655.000000	11.757583	975	0.000000
281474976710655.000000	12.376173	976	0.000000
281474976710655.000000	11.778114	977	0.000000
281474976710655.000000	12.028284	978	0.000000
281474976710655.000000	11.832061	979	0.000000
281474976710655.000000	11.883791	980	0.000000
281474976710655.000000	11.886223	981	0.000000
281474976710655.000000	11.785632	982	0.000000
281474976710655.000000	11.944865	983	0.000000
281474976710655.000000	11.798120	984	0.000000
281474976710655.000000	11.797866	985	0.000000
281474976710655.000000	11.917954	986	0.000000
281474976710655.000000	11.704740	987	0.000000
281474976710655.000000	11.950857	988	0.000000
281474976710655.000000	11.782129	989	0.000000
281474976710655.000000	11.662685	990	0.000000
281474976710655.000000	11.836924	991	0.000000
281474976710655.000000	11.923401	992	0.000000
281474976710655.000000	11.537444	993	0.000000
281474976710655.000000	11.883788	994	0.000000
281474976710655.000000	11.820410	995	0.000000
281474976710655.000000	11.768832	996	0.000000
281474976710655.000000	11.534398	997	0.000000
281474976710655.000000	11.815588	998	0.000000
281474976710655.000000	11.369498	999	0.000000
281474976710655.000000	11.860458	1000	0.000000
281474976710655.000000	11.519960	1001	0.000000
281474976710655.000000	11.604393	1002	0.000000
281474976710655.000000	11.546167	1003	0.000000
281474976710655.000000	11.734911	1004	0.000000
281474976710655.000000	11.441580	1005	0.000000
281474976710655.000000	11.508117	1006	0.000000
281474976710655.000000	11.387218	1007	0.000000
281474976710655.000000	11.187604	1008	0.000000
281474976710655.000000	11.666986	1009	0.000000
281474976710655.000000	11.740199	1010	0.000000
281474976710655.000000	11.214847	1011	0.000000
281474976710655.000000	11.402909	1012	0.000000
281474976710655.000000	11.647003	1013	0.000000
281474976710655.000000	11.553875	1014	0.000000
281474976710655.000000	11.272726	1015	0.000000
281474976710655.000000	11.702917	1016	0.000000
281474976710655.000000	11.331316	1017	0.000000
281474976710655.000000	11.436114	1018	0.000000
281474976710655.000000	11.022279	1019	0.000000
281474976710655.000000	11.065076	1020	0.000000
281474976710655.000000	11.301098	1021	0.000000
281474976710655.000000	11.139760	1022	0.000000
281474976710655.000000	11.313081	1023	0.000000
281474976710655.000000	11.416566	1024	0.000000
281474976710655.000000	11.172050	1025	0.000000
281474976710655.000000	11.297471	1026	0.000000
281474976710655.000000	10.844869	1027	0.000000
281474976710655.000000	11.225843	1028	0.000000
281474976710655.000000	11.123065	1029	0.000000
281474976710655.000000	11.071741	1030	0.000000
281474976710655.000000	11.187179	1031	0.000000
281474976710655.000000	11.173276	1032	0.000000
